cam0:
  cam_overlaps: []
  camera_model: pinhole
  distortion_coeffs:
  - -0.160560
  - 0.056807
  - 0.001971
  - 0.000476
  distortion_model: radtan
  intrinsics:
  - 543.268
  - 542.418
  - 323.495
  - 217.398
  resolution:
  - 640
  - 480
  rostopic: /dvs/image_raw
