cam0:
  cam_overlaps: []
  camera_model: pinhole
  distortion_coeffs:
  - 0.027576733308582076
  - 0.006593578674675004
  - -0.0008566938165177085
  - 0.00030899587045247486
  distortion_model: equidistant
  intrinsics:
  - 172.98992850734132
  - 172.98303181090185
  - 163.33639726024606
  - 134.99537889030861
  resolution:
  - 346
  - 260
  rostopic: /dvs/image_raw